# Source: hellmann2015, Table 3 and Equation (3).
H2O:
  reference: hellmann2015
  parameters:
    Tc_K: 647.096
    a0: 3.933738e-2
    a1: -2.361739e-1
    a2: 1.059696
    a3: -2.300709
    a4: 2.786190
    a5: -1.852813
    a6: 6.352538e-1
    a7: -8.803352e-2