# Source: laesecke2017, Table 2 and Equation (4).
CO2:
  reference: laesecke2017
  parameters:
    scaling_factor: 1.0055
    a0: 1749.354893188350
    a1: -369.069300007128
    a2: 5423856.34887691
    a3: -2.21283852168356
    a4: -269503.247933569
    a5: 73145.021531826
    a6: 5.34368649509278