# Source: lemmon2004, Table II and Equation (2).
Ar:
  reference: lemmon2004
  parameters:
    epsilon_k: 143.2
    sigma: 0.335
    b0: 0.431
    b1: -0.4623
    b2: 0.08406
    b3: 0.005341
    b4: -0.00331
N2:
  reference: lemmon2004
  parameters:
    epsilon_k: 98.94
    sigma: 0.3656
    b0: 0.431
    b1: -0.4623
    b2: 0.08406
    b3: 0.005341
    b4: -0.00331
O2:
  reference: lemmon2004
  parameters:
    epsilon_k: 118.5
    sigma: 0.3428
    b0: 0.431
    b1: -0.4623
    b2: 0.08406
    b3: 0.005341
    b4: -0.00331
CO:
  reference: lemmon2004
  parameters:
    epsilon_k: 98.94
    sigma: 0.3656
    b0: 0.431
    b1: -0.4623
    b2: 0.08406
    b3: 0.005341
    b4: -0.00331