# Source: muzny2013, Table 2 and Equations (3) and (4).
H2:
  ref: muzny2013
  parameters:
    sigma: 0.297
    epsilon_k: 30.41
    a0: 2.09630e-1
    a1: -4.55274e-1
    a2: 1.43602e-1
    a3: -3.35325e-2
    a4: 2.76981e-3